ambient[] = {0.9689016, 0.9689016, 0.9689016, 1};
diffuse[] = {0.9689016, 0.9689016, 0.9689016, 1};
forcedDiffuse[] = {0, 0, 0, 0};
emmisive[] = {0, 0, 0, 1};
specular[] = {0.045000147, 0.045000024, 0.05, 0.04};
specularPower = 0;
PixelShaderID = "Super";
VertexShaderID = "Super";
